6478123454
6478123455
6478123456
6478123457
6478123458
6478123459
6478123460
6478123461
6478123462
6478123463
6478123464
6478123465
6478123466
6478123467
6478123468
6478123469
6478123470
6478123471
6478123472
6478123473
6478123474
6478123475
6478123476
6478123477
6478123478
6478123479
6478123480
6478123481
6478123482
6478123483
6478123484
6478123485
6478123486
6478123487
6478123488
6478123489
6478123490
6478123491
6478123492
6478123493
6478123494
6478123495
6478123496
6478123497
6478123498
6478123499
6478123500
6478123501
6478123502
6478123503
6478123504
6478123505
6478123506
6478123507
6478123508
6478123509
6478123510
6478123511
6478123512
6478123513
6478123514
6478123515
6478123516
6478123517
6478123518
6478123519
6478123520
6478123521
6478123522
6478123523
6478123524
6478123525
6478123526
6478123527
6478123528
6478123529
6478123530
6478123531
6478123532
6478123533
6478123534
6478123535
6478123536
6478123537
6478123538
6478123539
6478123540
6478123541
6478123542
6478123543
6478123544
6478123545
6478123546
6478123547
6478123548
6478123549
6478123550
6478123551
6478123552
6478123553
6478123554

6879485246
6879485247
6879485248
6879485249
6879485250
6879485251
6879485252
6879485253
6879485254
6879485255
6879485256
6879485257
6879485258
6879485259
6879485260
6879485261
6879485262
6879485263
6879485264
6879485265
6879485266
6879485267
6879485268
6879485269
6879485270
6879485271
6879485272
6879485273
6879485274
6879485275
6879485276
6879485277
6879485278
6879485279
6879485280
6879485281
6879485282
6879485283
6879485284
6879485285
6879485286
6879485287
6879485288
6879485289
6879485290
6879485291
6879485292
6879485293
6879485294
6879485295
6879485296
6879485297
6879485298
6879485299
6879485300
6879485301
6879485302
6879485303
6879485304
6879485305
6879485306
6879485307
6879485308
6879485309
6879485310
6879485311
6879485312
6879485313
6879485314
6879485315
6879485316
6879485317
6879485318
6879485319
6879485320
6879485321
6879485322
6879485323
6879485324
6879485325
6879485326
6879485327
6879485328
6879485329
6879485330
6879485331
6879485332
6879485333
6879485334
6879485335
6879485336
6879485337
6879485338
6879485339
6879485340
6879485341
6879485342
6879485343
6879485344
6879485345
6879485346

7100122532
7100122533
7100122534
7100122535
7100122536
7100122537
7100122538
7100122539
7100122540
7100122541
7100122542
7100122543
7100122544
7100122545
7100122546
7100122547
7100122548
7100122549
7100122550
7100122551
7100122552
7100122553
7100122554
7100122555
7100122556
7100122557
7100122558
7100122559
7100122560
7100122561
7100122562
7100122563
7100122564
7100122565
7100122566
7100122567
7100122568
7100122569
7100122570
7100122571
7100122572
7100122573
7100122574
7100122575
7100122576
7100122577
7100122578
7100122579
7100122580
7100122581
7100122582
7100122583
7100122584
7100122585
7100122586
7100122587
7100122588
7100122589
7100122590
7100122591
7100122592
7100122593
7100122594
7100122595
7100122596
7100122597
7100122598
7100122599
7100122600
7100122601
7100122602
7100122603
7100122604
7100122605
7100122606
7100122607
7100122608
7100122609
7100122610
7100122611
7100122612
7100122613
7100122614
7100122615
7100122616
7100122617
7100122618
7100122619
7100122620
7100122621
7100122622
7100122623
7100122624
7100122625
7100122626
7100122627
7100122628
7100122629
7100122630
7100122631
7100122632

7904615345
7904615346
7904615347
7904615348
7904615349
7904615350
7904615351
7904615352
7904615353
7904615354
7904615355
7904615356
7904615357
7904615358
7904615359
7904615360
7904615361
7904615362
7904615363
7904615364
7904615365
7904615366
7904615367
7904615368
7904615369
7904615370
7904615371
7904615372
7904615373
7904615374
7904615375
7904615376
7904615377
7904615378
7904615379
7904615380
7904615381
7904615382
7904615383
7904615384
7904615385
7904615386
7904615387
7904615388
7904615389
7904615390
7904615391
7904615392
7904615393
7904615394
7904615395
7904615396
7904615397
7904615398
7904615399
7904615400
7904615401
7904615402
7904615403
7904615404
7904615405
7904615406
7904615407
7904615408
7904615409
7904615410
7904615411
7904615412
7904615413
7904615414
7904615415
7904615416
7904615417
7904615418
7904615419
7904615420
7904615421
7904615422
7904615423
7904615424
7904615425
7904615426
7904615427
7904615428
7904615429
7904615430
7904615431
7904615432
7904615433
7904615434
7904615435
7904615436
7904615437
7904615438
7904615439
7904615440
7904615441
7904615442
7904615443
7904615444
7904615445

8044525612
8044525613
8044525614
8044525615
8044525616
8044525617
8044525618
8044525619
8044525620
8044525621
8044525622
8044525623
8044525624
8044525625
8044525626
8044525627
8044525628
8044525629
8044525630
8044525631
8044525632
8044525633
8044525634
8044525635
8044525636
8044525637
8044525638
8044525639
8044525640
8044525641
8044525642
8044525643
8044525644
8044525645
8044525646
8044525647
8044525648
8044525649
8044525650
8044525651
8044525652
8044525653
8044525654
8044525655
8044525656
8044525657
8044525658
8044525659
8044525660
8044525661
8044525662
8044525663
8044525664
8044525665
8044525666
8044525667
8044525668
8044525669
8044525670
8044525671
8044525672
8044525673
8044525674
8044525675
8044525676
8044525677
8044525678
8044525679
8044525680
8044525681
8044525682
8044525683
8044525684
8044525685
8044525686
8044525687
8044525688
8044525689
8044525690
8044525691
8044525692
8044525693
8044525694
8044525695
8044525696
8044525697
8044525698
8044525699
8044525700
8044525701
8044525702
8044525703
8044525704
8044525705
8044525706
8044525707
8044525708
8044525709
8044525710
8044525711
8044525712

9452467812
9452467813
9452467814
9452467815
9452467816
9452467817
9452467818
9452467819
9452467820
9452467821
9452467822
9452467823
9452467824
9452467825
9452467826
9452467827
9452467828
9452467829
9452467830
9452467831
9452467832
9452467833
9452467834
9452467835
9452467836
9452467837
9452467838
9452467839
9452467840
9452467841
9452467842
9452467843
9452467844
9452467845
9452467846
9452467847
9452467848
9452467849
9452467850
9452467851
9452467852
9452467853
9452467854
9452467855
9452467856
9452467857
9452467858
9452467859
9452467860
9452467861
9452467862
9452467863
9452467864
9452467865
9452467866
9452467867
9452467868
9452467869
9452467870
9452467871
9452467872
9452467873
9452467874
9452467875
9452467876
9452467877
9452467878
9452467879
9452467880
9452467881
9452467882
9452467883
9452467884
9452467885
9452467886
9452467887
9452467888
9452467889
9452467890
9452467891
9452467892
9452467893
9452467894
9452467895
9452467896
9452467897
9452467898
9452467899
9452467900
9452467901
9452467902
9452467903
9452467904
9452467905
9452467906
9452467907
9452467908
9452467909
9452467910
9452467911
9452467912

6541542319
6541542320
6541542321
6541542322
6541542323
6541542324
6541542325
6541542326
6541542327
6541542328
6541542329
6541542330
6541542331
6541542332
6541542333
6541542334
6541542335
6541542336
6541542337
6541542338
6541542339
6541542340
6541542341
6541542342
6541542343
6541542344
6541542345
6541542346
6541542347
6541542348
6541542349
6541542350
6541542351
6541542352
6541542353
6541542354
6541542355
6541542356
6541542357
6541542358
6541542359
6541542360
6541542361
6541542362
6541542363
6541542364
6541542365
6541542366
6541542367
6541542368
6541542369
6541542370
6541542371
6541542372
6541542373
6541542374
6541542375
6541542376
6541542377
6541542378
6541542379
6541542380
6541542381
6541542382
6541542383
6541542384
6541542385
6541542386
6541542387
6541542388
6541542389
6541542390
6541542391
6541542392
6541542393
6541542394
6541542395
6541542396
6541542397
6541542398
6541542399
6541542400
6541542401
6541542402
6541542403
6541542404
6541542405
6541542406
6541542407
6541542408
6541542409
6541542410
6541542411
6541542412
6541542413
6541542414
6541542415
6541542416
6541542417
6541542418
6541542419

7568981246
7568981247
7568981248
7568981249
7568981250
7568981251
7568981252
7568981253
7568981254
7568981255
7568981256
7568981257
7568981258
7568981259
7568981260
7568981261
7568981262
7568981263
7568981264
7568981265
7568981266
7568981267
7568981268
7568981269
7568981270
7568981271
7568981272
7568981273
7568981274
7568981275
7568981276
7568981277
7568981278
7568981279
7568981280
7568981281
7568981282
7568981283
7568981284
7568981285
7568981286
7568981287
7568981288
7568981289
7568981290
7568981291
7568981292
7568981293
7568981294
7568981295
7568981296
7568981297
7568981298
7568981299
7568981300
7568981301
7568981302
7568981303
7568981304
7568981305
7568981306
7568981307
7568981308
7568981309
7568981310
7568981311
7568981312
7568981313
7568981314
7568981315
7568981316
7568981317
7568981318
7568981319
7568981320
7568981321
7568981322
7568981323
7568981324
7568981325
7568981326
7568981327
7568981328
7568981329
7568981330
7568981331
7568981332
7568981333
7568981334
7568981335
7568981336
7568981337
7568981338
7568981339
7568981340
7568981341
7568981342
7568981343
7568981344
7568981345
7568981346

6971453212
6971453213
6971453214
6971453215
6971453216
6971453217
6971453218
6971453219
6971453220
6971453221
6971453222
6971453223
6971453224
6971453225
6971453226
6971453227
6971453228
6971453229
6971453230
6971453231
6971453232
6971453233
6971453234
6971453235
6971453236
6971453237
6971453238
6971453239
6971453240
6971453241
6971453242
6971453243
6971453244
6971453245
6971453246
6971453247
6971453248
6971453249
6971453250
6971453251
6971453252
6971453253
6971453254
6971453255
6971453256
6971453257
6971453258
6971453259
6971453260
6971453261
6971453262
6971453263
6971453264
6971453265
6971453266
6971453267
6971453268
6971453269
6971453270
6971453271
6971453272
6971453273
6971453274
6971453275
6971453276
6971453277
6971453278
6971453279
6971453280
6971453281
6971453282
6971453283
6971453284
6971453285
6971453286
6971453287
6971453288
6971453289
6971453290
6971453291
6971453292
6971453293
6971453294
6971453295
6971453296
6971453297
6971453298
6971453299
6971453300
6971453301
6971453302
6971453303
6971453304
6971453305
6971453306
6971453307
6971453308
6971453309
6971453310
6971453311
6971453312

9946238541
9946238542
9946238543
9946238544
9946238545
9946238546
9946238547
9946238548
9946238549
9946238550
9946238551
9946238552
9946238553
9946238554
9946238555
9946238556
9946238557
9946238558
9946238559
9946238560
9946238561
9946238562
9946238563
9946238564
9946238565
9946238566
9946238567
9946238568
9946238569
9946238570
9946238571
9946238572
9946238573
9946238574
9946238575
9946238576
9946238577
9946238578
9946238579
9946238580
9946238581
9946238582
9946238583
9946238584
9946238585
9946238586
9946238587
9946238588
9946238589
9946238590
9946238591
9946238592
9946238593
9946238594
9946238595
9946238596
9946238597
9946238598
9946238599
9946238600
9946238601
9946238602
9946238603
9946238604
9946238605
9946238606
9946238607
9946238608
9946238609
9946238610
9946238611
9946238612
9946238613
9946238614
9946238615
9946238616
9946238617
9946238618
9946238619
9946238620
9946238621
9946238622
9946238623
9946238624
9946238625
9946238626
9946238627
9946238628
9946238629
9946238630
9946238631
9946238632
9946238633
9946238634
9946238635
9946238636
9946238637
9946238638
9946238639
9946238640
9946238641