8754226502
8754226503
8754226504
8754226505
8754226506
8754226507
8754226508
8754226509
8754226510
8754226511
8754226512
8754226513
8754226514
8754226515
8754226516
8754226517
8754226518
8754226519
8754226520
8754226521
8754226522
8754226523
8754226524
8754226525
8754226526
8754226527
8754226528
8754226529
8754226530
8754226531
8754226532
8754226533
8754226534
8754226535
8754226536
8754226537
8754226538
8754226539
8754226540
8754226541
8754226542
8754226543
8754226544
8754226545
8754226546
8754226547
8754226548
8754226549
8754226550
8754226551
8754226552
8754226553
8754226554
8754226555
8754226556
8754226557
8754226558
8754226559
8754226560
8754226561
8754226562
8754226563
8754226564
8754226565
8754226566
8754226567
8754226568
8754226569
8754226570
8754226571
8754226572
8754226573
8754226574
8754226575
8754226576
8754226577
8754226578
8754226579
8754226580
8754226581
8754226582
8754226583
8754226584
8754226585
8754226586
8754226587
8754226588
8754226589
8754226590
8754226591
8754226592
8754226593
8754226594
8754226595
8754226596
8754226597
8754226598
8754226599
8754226600
8754226601