7676727822
7676727823
7676727824
7676727825
7676727826
7676727827
7676727828
7676727829
7676727830
7676727831
7676727832
7676727833
7676727834
7676727835
7676727836
7676727837
7676727838
7676727839
7676727840
7676727841
7676727842
7676727843
7676727844
7676727845
7676727846
7676727847
7676727848
7676727849
7676727850
7676727851
7676727852
7676727853
7676727854
7676727855
7676727856
7676727857
7676727858
7676727859
7676727860
7676727861
7676727862
7676727863
7676727864
7676727865
7676727866
7676727867
7676727868
7676727869
7676727870
7676727871
7676727872
7676727873
7676727874
7676727875
7676727876
7676727877
7676727878
7676727879
7676727880
7676727881
7676727882
7676727883
7676727884
7676727885
7676727886
7676727887
7676727888
7676727889
7676727890
7676727891
7676727892
7676727893
7676727894
7676727895
7676727896
7676727897
7676727898
7676727899
7676727900
7676727901
7676727902
7676727903
7676727904
7676727905
7676727906
7676727907
7676727908
7676727909
7676727910
7676727911
7676727912
7676727913
7676727914
7676727915
7676727916
7676727917
7676727918
7676727919
7676727920
7676727921
7676727922
7676727923
7676727924
7676727925
7676727926
7676727927
7676727928
7676727929
7676727930
7676727931
7676727932
7676727933
7676727934
7676727935
7676727936
7676727937
7676727938
7676727939
7676727940
7676727941
7676727942
7676727943
7676727944
7867927687
7867927688
7867927689
7867927690
7867927691
7867927692
7867927693
7867927694
7867927695
7867927696
7867927697
7867927698
7867927699
7867927700
7867927701
7867927702
7867927703
7867927704
7867927705
7867927706
7867927707
7867927708
7867927709
7867927710
7867927711
7867927712
7867927713
7867927714
7867927715
7867927716
7867927717
7867927718
7867927719
7867927720
7867927721
7867927722
7867927723
7867927724
7867927725
7867927726
7867927727
7867927728
7867927729
7867927730
7867927731
7867927732
7867927733
7867927734
7867927735
7867927736
7867927737
7867927738
7867927739
7867927740
7867927741
7867927742
7867927743
7867927744
7867927745
7867927746
7867927747
7867927748
7867927749
7867927750
7867927751
7867927752
7867927753
7867927754
7867927755
7867927756
7867927757
7867927758
7867927759
7867927760
7867927761
7867927762
7867927763
7867927764
7867927765
7867927766
7867927767
7867927768
7867927769
7867927770
7867927771
7867927772
7867927773
7867927774
7867927775
7867927776
7867927777
7867927778
7867927779
7867927780
7867927781
7867927782
7867927783
7867927784
7867927785
7867927786
7867927787
7867927788
7867927789
7867927790
7867927791
7867927792
7867927793
7867927794
7867927795
7867927796
7867927797
7867927798
7867927799
7867927800
7867927801
7867927802
7867927803
7867927804
7867927805
7867927806
7867927807
7867927808
7867927809
7867927810
7867927811
7867927812
7867927813
7867927814
7867927815
7867927816
7867927817
7867927818
7867927819
7867927820
7867927821
7867927822
7867927823
7867927824
7867927825
7867927826
7867927827
7867927828
7867927829
7867927830
7867927831
7867927832
7867927833
7867927834
7867927835
7867927836
7867927837
7867927838
7867927839
7867927840
7867927841
7867927842
7867927843
7867927844
7867927845
7867927846
7867927847
7867927848
7867927849
7867927850
7867927851
7867927852
7867927853
7867927854
7867927855
7867927856
7867927857
7867927858
7867927859
7867927860
7867927861
7867927862
7867927863
7867927864
7867927865
7867927866
7867927867
7867927868
7867927869
7867927870
7867927871
7867927872
7867927873
7867927874
7867927875
7867927876
7867927877
7867927878
7867927879
7867927880
7867927881
7867927882
7867927883
7867927884
7867927885
7867927886
7867927887
7867927888
7867927889
7867927890
7867927891
7867927892
7867927893
7867927894
7867927895
7867927896
7867927897
7867927898
7867927899
7867927900
7867927901
7867927902
7867927903
7867927904
7867927905
7867927906
7867927907
7867927908
7867927909
7867927910
7867927911
7867927912
7867927913
7867927914
7867927915
7867927916
7867927917
7867927918
7867927919
7867927920
7867927921
7867927922
7867927923
7867927924
7867927925
7867927926
7867927927
7867927928
7867927929
7867927930
7867927931
7867927932
7867927933
7867927934
7867927935
7867927936
7867927937
7867927938
7867927939
7867927940
7867927941
7867927942
7867927943

7676727945
7676727946
7676727947
7676727948
7676727949



