9080207727
9080207728
9080207729
9080207730
9080207731
9080207732
9080207733
9080207734
9080207735
9080207736
9080207737
9080207738
9080207739
9080207740
9080207741
9080207742
9080207743
9080207744
9080207745
9080207746
9080207747
9080207748
9080207749

7550105572
7550105573
7550105574
7550105575
7550105576
7550105577
7550105578
7550105579
7550105580
7550105581
7550105582
7550105583
7550105584
7550105585
7550105586
7550105587
7550105588
7550105589
7550105590
7550105591
7550105592
7550105593
7550105594
7550105595
7550105596
7550105597
7550105598
7550105599
7550105600
7550105601
7550105602
7550105603
7550105604
7550105605
7550105606
7550105607
7550105608
7550105609
7550105610
7550105611
7550105612
7550105613
7550105614
7550105615
7550105616
7550105617
7550105618
7550105619
7550105620
7550105621
7550105622
7550105623
7550105624
7550105625
7550105626
7550105627
7550105628
7550105629
7550105630
7550105631
7550105632
7550105633
7550105634
7550105635
7550105636
7550105637
7550105638
7550105639
7550105640
7550105641
7550105642
7550105643
7550105644
7550105645
7550105646
7550105647
7550105648
7550105649
7550105650
7550105651
7550105652
7550105653
7550105654
7550105655
7550105656
7550105657
7550105658
7550105659
7550105660
7550105661
7550105662
7550105663
7550105664
7550105665
7550105666
7550105667
7550105668
7550105669
7550105670
7550105671
9080207750
9080207751
9080207752
9080207753
9080207754
9080207755
9080207756
9080207757
9080207758
9080207759
9080207760
9080207761
9080207762
9080207763
9080207764
9080207765
9080207766
9080207767
9080207768
9080207769
9080207770
9080207771
9080207772
9080207773
9080207774
9080207775
9080207776
9080207777
9080207778
9080207779
9080207780
9080207781
9080207782
9080207783
9080207784
9080207785
9080207786
9080207787
9080207788
9080207789
9080207790
9080207791
9080207792
9080207793
9080207794
9080207795
9080207796

9865647890
9865647891
9865647892
9865647893
9865647894
9865647895
9865647896
9865647897
9865647898
9865647899
9865647900
9865647901
9865647902
9865647903
9865647904
9865647905
9865647906
9865647907
9865647908
9865647909
9865647910
9865647911
9865647912
9865647913
9865647914
9865647915
9865647916
9865647917
9865647918
9865647919
9865647920
9865647921
9865647922
9865647923
9865647924
9865647925
9865647926
9865647927
9865647928
9865647929
9865647930
9865647931
9865647932
9865647933
9865647934
9865647935
9865647936
9865647937
9865647938
9865647939
9865647940
9865647941
9865647942
9865647943
9865647944
9865647945
9865647946
9865647947
9865647948
9865647949
9865647950
9865647951
9865647952
9865647953
9865647954
9865647955
9865647956
9865647957
9865647958
9865647959
9865647960
9865647961
9865647962
9865647963
9865647964
9865647965
9865647966
9865647967
9865647968
9865647969
9865647970
9865647971
9865647972
9865647973
9865647974
9865647975
9865647976
9865647977
9865647978
9865647979
9865647980
9865647981
9865647982
9865647983
9865647984
9865647985
9865647986
9865647987
9865647988
9865647989
9080207797
9080207798
9080207799
9080207800
9080207801
9080207802
9080207803
9080207804
9080207805
9080207806
9080207807
9080207808
9080207809
9080207810
9080207811
9080207812
9080207813
9080207814
9080207815
9080207816
9080207817
9080207818
9080207819
9080207820
9080207821
9080207822
9080207823
9080207824
9080207825
9080207826

